3.889300000000000000e+04
4.423300000000000000e+04
1.217000000000000000e+03
4.415900000000000000e+04
1.500000000000000000e+01
0.000000000000000000e+00
0.000000000000000000e+00
0.000000000000000000e+00
1.090000000000000000e+02
6.520500000000000000e+04
0.000000000000000000e+00
0.000000000000000000e+00
1.520000000000000000e+02
6.523600000000000000e+04
0.000000000000000000e+00
0.000000000000000000e+00
1.970000000000000000e+02
6.524700000000000000e+04
0.000000000000000000e+00
0.000000000000000000e+00
2.270000000000000000e+02
6.527400000000000000e+04
0.000000000000000000e+00
0.000000000000000000e+00
2.520000000000000000e+02
6.530000000000000000e+04
0.000000000000000000e+00
0.000000000000000000e+00
2.680000000000000000e+02
6.534500000000000000e+04
0.000000000000000000e+00
0.000000000000000000e+00
2.860000000000000000e+02
6.537400000000000000e+04
0.000000000000000000e+00
0.000000000000000000e+00
2.920000000000000000e+02
6.542600000000000000e+04
0.000000000000000000e+00
0.000000000000000000e+00
3.180000000000000000e+02
6.546700000000000000e+04
0.000000000000000000e+00
0.000000000000000000e+00
3.360000000000000000e+02
6.550600000000000000e+04
0.000000000000000000e+00
0.000000000000000000e+00
3.470000000000000000e+02
1.800000000000000000e+01
0.000000000000000000e+00
0.000000000000000000e+00
3.540000000000000000e+02
6.400000000000000000e+01
0.000000000000000000e+00
0.000000000000000000e+00
3.450000000000000000e+02
1.040000000000000000e+02
0.000000000000000000e+00
0.000000000000000000e+00
3.340000000000000000e+02
1.500000000000000000e+02
0.000000000000000000e+00
0.000000000000000000e+00
3.010000000000000000e+02
1.900000000000000000e+02
0.000000000000000000e+00
0.000000000000000000e+00
2.790000000000000000e+02
2.290000000000000000e+02
0.000000000000000000e+00
0.000000000000000000e+00
2.390000000000000000e+02
2.550000000000000000e+02
0.000000000000000000e+00
0.000000000000000000e+00
2.060000000000000000e+02
2.770000000000000000e+02
0.000000000000000000e+00
0.000000000000000000e+00
1.560000000000000000e+02
2.890000000000000000e+02
0.000000000000000000e+00
0.000000000000000000e+00
1.210000000000000000e+02
3.030000000000000000e+02
0.000000000000000000e+00
0.000000000000000000e+00
7.200000000000000000e+01
2.990000000000000000e+02
0.000000000000000000e+00
0.000000000000000000e+00
2.700000000000000000e+01
3.140000000000000000e+02
0.000000000000000000e+00
0.000000000000000000e+00
6.552000000000000000e+04
3.220000000000000000e+02
0.000000000000000000e+00
0.000000000000000000e+00
6.547100000000000000e+04
3.270000000000000000e+02
0.000000000000000000e+00
0.000000000000000000e+00
6.544900000000000000e+04
3.280000000000000000e+02
0.000000000000000000e+00
0.000000000000000000e+00
6.542300000000000000e+04
3.380000000000000000e+02
0.000000000000000000e+00
0.000000000000000000e+00
6.533700000000000000e+04
2.640000000000000000e+02
0.000000000000000000e+00
0.000000000000000000e+00
6.527600000000000000e+04
3.000000000000000000e+02
0.000000000000000000e+00
0.000000000000000000e+00
1.010000000000000000e+02
2.950000000000000000e+02
0.000000000000000000e+00
0.000000000000000000e+00
7.100000000000000000e+01
3.620000000000000000e+02
0.000000000000000000e+00
0.000000000000000000e+00
6.550900000000000000e+04
3.510000000000000000e+02
0.000000000000000000e+00
0.000000000000000000e+00
6.548700000000000000e+04
3.590000000000000000e+02
0.000000000000000000e+00
0.000000000000000000e+00
6.546100000000000000e+04
3.420000000000000000e+02
0.000000000000000000e+00
0.000000000000000000e+00
6.541500000000000000e+04
3.380000000000000000e+02
0.000000000000000000e+00
0.000000000000000000e+00
6.537900000000000000e+04
3.070000000000000000e+02
0.000000000000000000e+00
0.000000000000000000e+00
6.533900000000000000e+04
2.910000000000000000e+02
0.000000000000000000e+00
0.000000000000000000e+00
6.531300000000000000e+04
2.480000000000000000e+02
0.000000000000000000e+00
0.000000000000000000e+00
6.529100000000000000e+04
2.180000000000000000e+02
0.000000000000000000e+00
0.000000000000000000e+00
6.526100000000000000e+04
1.690000000000000000e+02
0.000000000000000000e+00
0.000000000000000000e+00
6.522500000000000000e+04
1.350000000000000000e+02
0.000000000000000000e+00
0.000000000000000000e+00
6.520100000000000000e+04
9.400000000000000000e+01
0.000000000000000000e+00
0.000000000000000000e+00
6.517800000000000000e+04
4.900000000000000000e+01
0.000000000000000000e+00
0.000000000000000000e+00
6.516100000000000000e+04
6.000000000000000000e+00
0.000000000000000000e+00
0.000000000000000000e+00
6.518100000000000000e+04
6.549800000000000000e+04
0.000000000000000000e+00
0.000000000000000000e+00
6.518600000000000000e+04
6.544800000000000000e+04
0.000000000000000000e+00
0.000000000000000000e+00
6.521000000000000000e+04
6.540300000000000000e+04
0.000000000000000000e+00
0.000000000000000000e+00
6.522100000000000000e+04
6.536000000000000000e+04
0.000000000000000000e+00
0.000000000000000000e+00
6.525600000000000000e+04
6.532800000000000000e+04
0.000000000000000000e+00
0.000000000000000000e+00
6.527700000000000000e+04
6.529800000000000000e+04
0.000000000000000000e+00
0.000000000000000000e+00
6.532300000000000000e+04
6.528100000000000000e+04
0.000000000000000000e+00
0.000000000000000000e+00
6.535300000000000000e+04
6.526400000000000000e+04
0.000000000000000000e+00
0.000000000000000000e+00
6.540100000000000000e+04
6.524000000000000000e+04
0.000000000000000000e+00
0.000000000000000000e+00
6.543700000000000000e+04
6.521300000000000000e+04
0.000000000000000000e+00
0.000000000000000000e+00
6.547600000000000000e+04
6.519100000000000000e+04
0.000000000000000000e+00
0.000000000000000000e+00
6.551700000000000000e+04
6.517800000000000000e+04
0.000000000000000000e+00
0.000000000000000000e+00
2.100000000000000000e+01
6.517400000000000000e+04
0.000000000000000000e+00
0.000000000000000000e+00
5.089300000000000000e+04
4.423300000000000000e+04
1.217000000000000000e+03
4.415900000000000000e+04
1.700000000000000000e+01
0.000000000000000000e+00
0.000000000000000000e+00
0.000000000000000000e+00
1.460000000000000000e+02
6.524000000000000000e+04
0.000000000000000000e+00
0.000000000000000000e+00
1.850000000000000000e+02
6.525200000000000000e+04
0.000000000000000000e+00
0.000000000000000000e+00
2.130000000000000000e+02
6.527400000000000000e+04
0.000000000000000000e+00
0.000000000000000000e+00
2.440000000000000000e+02
6.530000000000000000e+04
0.000000000000000000e+00
0.000000000000000000e+00
2.740000000000000000e+02
6.534000000000000000e+04
0.000000000000000000e+00
0.000000000000000000e+00
3.130000000000000000e+02
6.538000000000000000e+04
0.000000000000000000e+00
0.000000000000000000e+00
3.360000000000000000e+02
6.542300000000000000e+04
0.000000000000000000e+00
0.000000000000000000e+00
3.640000000000000000e+02
6.546000000000000000e+04
0.000000000000000000e+00
0.000000000000000000e+00
3.650000000000000000e+02
6.548800000000000000e+04
0.000000000000000000e+00
0.000000000000000000e+00
3.590000000000000000e+02
6.551500000000000000e+04
0.000000000000000000e+00
0.000000000000000000e+00
3.450000000000000000e+02
4.000000000000000000e+00
0.000000000000000000e+00
0.000000000000000000e+00
3.280000000000000000e+02
3.300000000000000000e+01
0.000000000000000000e+00
0.000000000000000000e+00
3.140000000000000000e+02
7.000000000000000000e+01
0.000000000000000000e+00
0.000000000000000000e+00
3.040000000000000000e+02
1.030000000000000000e+02
0.000000000000000000e+00
0.000000000000000000e+00
2.940000000000000000e+02
1.460000000000000000e+02
0.000000000000000000e+00
0.000000000000000000e+00
2.740000000000000000e+02
1.790000000000000000e+02
0.000000000000000000e+00
0.000000000000000000e+00
2.510000000000000000e+02
2.190000000000000000e+02
0.000000000000000000e+00
0.000000000000000000e+00
2.110000000000000000e+02
2.550000000000000000e+02
0.000000000000000000e+00
0.000000000000000000e+00
1.740000000000000000e+02
3.020000000000000000e+02
0.000000000000000000e+00
0.000000000000000000e+00
1.280000000000000000e+02
3.300000000000000000e+02
0.000000000000000000e+00
0.000000000000000000e+00
9.100000000000000000e+01
3.640000000000000000e+02
0.000000000000000000e+00
0.000000000000000000e+00
6.200000000000000000e+01
3.610000000000000000e+02
0.000000000000000000e+00
0.000000000000000000e+00
3.500000000000000000e+01
3.520000000000000000e+02
0.000000000000000000e+00
0.000000000000000000e+00
4.000000000000000000e+00
3.340000000000000000e+02
0.000000000000000000e+00
0.000000000000000000e+00
6.553100000000000000e+04
3.210000000000000000e+02
0.000000000000000000e+00
0.000000000000000000e+00
6.552300000000000000e+04
2.980000000000000000e+02
0.000000000000000000e+00
0.000000000000000000e+00
6.538100000000000000e+04
3.400000000000000000e+02
0.000000000000000000e+00
0.000000000000000000e+00
6.541200000000000000e+04
2.840000000000000000e+02
0.000000000000000000e+00
0.000000000000000000e+00
6.549400000000000000e+04
3.100000000000000000e+02
0.000000000000000000e+00
0.000000000000000000e+00
6.547200000000000000e+04
3.080000000000000000e+02
0.000000000000000000e+00
0.000000000000000000e+00
6.537500000000000000e+04
2.820000000000000000e+02
0.000000000000000000e+00
0.000000000000000000e+00
6.537200000000000000e+04
2.740000000000000000e+02
0.000000000000000000e+00
0.000000000000000000e+00
6.534400000000000000e+04
2.620000000000000000e+02
0.000000000000000000e+00
0.000000000000000000e+00
6.531200000000000000e+04
2.390000000000000000e+02
0.000000000000000000e+00
0.000000000000000000e+00
6.528200000000000000e+04
2.080000000000000000e+02
0.000000000000000000e+00
0.000000000000000000e+00
6.524300000000000000e+04
1.640000000000000000e+02
0.000000000000000000e+00
0.000000000000000000e+00
6.520800000000000000e+04
1.180000000000000000e+02
0.000000000000000000e+00
0.000000000000000000e+00
6.518900000000000000e+04
7.200000000000000000e+01
0.000000000000000000e+00
0.000000000000000000e+00
6.517800000000000000e+04
3.900000000000000000e+01
0.000000000000000000e+00
0.000000000000000000e+00
6.517300000000000000e+04
5.000000000000000000e+00
0.000000000000000000e+00
0.000000000000000000e+00
6.518600000000000000e+04
6.551400000000000000e+04
0.000000000000000000e+00
0.000000000000000000e+00
6.519600000000000000e+04
6.548600000000000000e+04
0.000000000000000000e+00
0.000000000000000000e+00
6.521900000000000000e+04
6.545600000000000000e+04
0.000000000000000000e+00
0.000000000000000000e+00
6.522900000000000000e+04
6.541100000000000000e+04
0.000000000000000000e+00
0.000000000000000000e+00
6.524900000000000000e+04
6.538400000000000000e+04
0.000000000000000000e+00
0.000000000000000000e+00
6.526500000000000000e+04
6.534100000000000000e+04
0.000000000000000000e+00
0.000000000000000000e+00
6.528800000000000000e+04
6.531000000000000000e+04
0.000000000000000000e+00
0.000000000000000000e+00
6.531900000000000000e+04
6.527600000000000000e+04
0.000000000000000000e+00
0.000000000000000000e+00
6.536200000000000000e+04
6.524400000000000000e+04
0.000000000000000000e+00
0.000000000000000000e+00
6.540300000000000000e+04
6.520900000000000000e+04
0.000000000000000000e+00
0.000000000000000000e+00
6.544600000000000000e+04
6.518800000000000000e+04
0.000000000000000000e+00
0.000000000000000000e+00
6.547500000000000000e+04
6.517900000000000000e+04
0.000000000000000000e+00
0.000000000000000000e+00
6.550200000000000000e+04
6.517800000000000000e+04
0.000000000000000000e+00
0.000000000000000000e+00
6.552900000000000000e+04
6.519100000000000000e+04
0.000000000000000000e+00
0.000000000000000000e+00
2.400000000000000000e+01
6.520100000000000000e+04
0.000000000000000000e+00
0.000000000000000000e+00
6.200000000000000000e+01
6.522200000000000000e+04
0.000000000000000000e+00
0.000000000000000000e+00
6.289300000000000000e+04
4.423300000000000000e+04
1.217000000000000000e+03
4.415900000000000000e+04
1.500000000000000000e+01
0.000000000000000000e+00
0.000000000000000000e+00
0.000000000000000000e+00
6.520300000000000000e+04
6.100000000000000000e+01
0.000000000000000000e+00
0.000000000000000000e+00
6.519100000000000000e+04
3.600000000000000000e+01
0.000000000000000000e+00
0.000000000000000000e+00
6.519300000000000000e+04
6.553200000000000000e+04
0.000000000000000000e+00
0.000000000000000000e+00
6.519400000000000000e+04
6.549900000000000000e+04
0.000000000000000000e+00
0.000000000000000000e+00
6.519800000000000000e+04
6.546800000000000000e+04
0.000000000000000000e+00
0.000000000000000000e+00
6.520600000000000000e+04
6.545300000000000000e+04
0.000000000000000000e+00
0.000000000000000000e+00
6.521400000000000000e+04
6.541700000000000000e+04
0.000000000000000000e+00
0.000000000000000000e+00
6.522200000000000000e+04
6.539400000000000000e+04
0.000000000000000000e+00
0.000000000000000000e+00
6.524600000000000000e+04
6.535300000000000000e+04
0.000000000000000000e+00
0.000000000000000000e+00
6.527400000000000000e+04
6.531500000000000000e+04
0.000000000000000000e+00
0.000000000000000000e+00
6.529800000000000000e+04
6.528100000000000000e+04
0.000000000000000000e+00
0.000000000000000000e+00
6.533600000000000000e+04
6.525500000000000000e+04
0.000000000000000000e+00
0.000000000000000000e+00
6.536900000000000000e+04
6.523200000000000000e+04
0.000000000000000000e+00
0.000000000000000000e+00
6.540700000000000000e+04
6.522000000000000000e+04
0.000000000000000000e+00
0.000000000000000000e+00
6.542700000000000000e+04
6.520600000000000000e+04
0.000000000000000000e+00
0.000000000000000000e+00
6.546400000000000000e+04
6.520100000000000000e+04
0.000000000000000000e+00
0.000000000000000000e+00
6.549400000000000000e+04
6.519600000000000000e+04
0.000000000000000000e+00
0.000000000000000000e+00
6.551900000000000000e+04
6.519100000000000000e+04
0.000000000000000000e+00
0.000000000000000000e+00
2.000000000000000000e+00
6.519300000000000000e+04
0.000000000000000000e+00
0.000000000000000000e+00
4.200000000000000000e+01
6.519900000000000000e+04
0.000000000000000000e+00
0.000000000000000000e+00
7.100000000000000000e+01
6.520000000000000000e+04
0.000000000000000000e+00
0.000000000000000000e+00
1.170000000000000000e+02
6.521500000000000000e+04
0.000000000000000000e+00
0.000000000000000000e+00
1.700000000000000000e+02
6.523800000000000000e+04
0.000000000000000000e+00
0.000000000000000000e+00
2.090000000000000000e+02
6.526000000000000000e+04
0.000000000000000000e+00
0.000000000000000000e+00
2.340000000000000000e+02
6.527500000000000000e+04
0.000000000000000000e+00
0.000000000000000000e+00
2.620000000000000000e+02
6.529500000000000000e+04
0.000000000000000000e+00
0.000000000000000000e+00
2.870000000000000000e+02
6.533000000000000000e+04
0.000000000000000000e+00
0.000000000000000000e+00
3.000000000000000000e+02
6.544500000000000000e+04
0.000000000000000000e+00
0.000000000000000000e+00
2.900000000000000000e+02
6.547500000000000000e+04
0.000000000000000000e+00
0.000000000000000000e+00
3.180000000000000000e+02
1.000000000000000000e+01
0.000000000000000000e+00
0.000000000000000000e+00
3.320000000000000000e+02
7.800000000000000000e+01
0.000000000000000000e+00
0.000000000000000000e+00
3.160000000000000000e+02
1.060000000000000000e+02
0.000000000000000000e+00
0.000000000000000000e+00
3.190000000000000000e+02
1.150000000000000000e+02
0.000000000000000000e+00
0.000000000000000000e+00
3.000000000000000000e+02
1.480000000000000000e+02
0.000000000000000000e+00
0.000000000000000000e+00
2.930000000000000000e+02
1.820000000000000000e+02
0.000000000000000000e+00
0.000000000000000000e+00
2.750000000000000000e+02
2.010000000000000000e+02
0.000000000000000000e+00
0.000000000000000000e+00
2.650000000000000000e+02
2.240000000000000000e+02
0.000000000000000000e+00
0.000000000000000000e+00
2.380000000000000000e+02
2.490000000000000000e+02
0.000000000000000000e+00
0.000000000000000000e+00
2.100000000000000000e+02
2.670000000000000000e+02
0.000000000000000000e+00
0.000000000000000000e+00
1.670000000000000000e+02
2.840000000000000000e+02
0.000000000000000000e+00
0.000000000000000000e+00
1.280000000000000000e+02
3.080000000000000000e+02
0.000000000000000000e+00
0.000000000000000000e+00
8.800000000000000000e+01
3.150000000000000000e+02
0.000000000000000000e+00
0.000000000000000000e+00
4.600000000000000000e+01
3.250000000000000000e+02
0.000000000000000000e+00
0.000000000000000000e+00
1.300000000000000000e+01
3.350000000000000000e+02
0.000000000000000000e+00
0.000000000000000000e+00
6.550700000000000000e+04
3.340000000000000000e+02
0.000000000000000000e+00
0.000000000000000000e+00
6.547900000000000000e+04
3.400000000000000000e+02
0.000000000000000000e+00
0.000000000000000000e+00
6.544200000000000000e+04
3.270000000000000000e+02
0.000000000000000000e+00
0.000000000000000000e+00
6.541000000000000000e+04
3.270000000000000000e+02
0.000000000000000000e+00
0.000000000000000000e+00
6.538900000000000000e+04
3.110000000000000000e+02
0.000000000000000000e+00
0.000000000000000000e+00
6.537000000000000000e+04
3.020000000000000000e+02
0.000000000000000000e+00
0.000000000000000000e+00
6.533900000000000000e+04
2.800000000000000000e+02
0.000000000000000000e+00
0.000000000000000000e+00
6.531400000000000000e+04
2.590000000000000000e+02
0.000000000000000000e+00
0.000000000000000000e+00
6.528700000000000000e+04
2.230000000000000000e+02
0.000000000000000000e+00
0.000000000000000000e+00
6.525700000000000000e+04
1.920000000000000000e+02
0.000000000000000000e+00
0.000000000000000000e+00
6.523900000000000000e+04
1.570000000000000000e+02
0.000000000000000000e+00
0.000000000000000000e+00
6.522000000000000000e+04
1.250000000000000000e+02
0.000000000000000000e+00
0.000000000000000000e+00
9.357000000000000000e+03
4.423400000000000000e+04
1.217000000000000000e+03
4.415900000000000000e+04
1.500000000000000000e+01
0.000000000000000000e+00
0.000000000000000000e+00
0.000000000000000000e+00
1.070000000000000000e+02
6.519400000000000000e+04
0.000000000000000000e+00
0.000000000000000000e+00
1.360000000000000000e+02
6.521700000000000000e+04
0.000000000000000000e+00
0.000000000000000000e+00
1.670000000000000000e+02
6.522000000000000000e+04
0.000000000000000000e+00
0.000000000000000000e+00
1.900000000000000000e+02
6.524000000000000000e+04
0.000000000000000000e+00
0.000000000000000000e+00
2.060000000000000000e+02
6.525500000000000000e+04
0.000000000000000000e+00
0.000000000000000000e+00
2.180000000000000000e+02
6.528800000000000000e+04
0.000000000000000000e+00
0.000000000000000000e+00
2.340000000000000000e+02
6.530400000000000000e+04
0.000000000000000000e+00
0.000000000000000000e+00
2.470000000000000000e+02
6.534300000000000000e+04
0.000000000000000000e+00
0.000000000000000000e+00
2.760000000000000000e+02
6.536500000000000000e+04
0.000000000000000000e+00
0.000000000000000000e+00
3.040000000000000000e+02
6.538400000000000000e+04
0.000000000000000000e+00
0.000000000000000000e+00
3.280000000000000000e+02
6.541300000000000000e+04
0.000000000000000000e+00
0.000000000000000000e+00
3.530000000000000000e+02
6.543900000000000000e+04
0.000000000000000000e+00
0.000000000000000000e+00
3.580000000000000000e+02
6.546700000000000000e+04
0.000000000000000000e+00
0.000000000000000000e+00
3.680000000000000000e+02
6.549600000000000000e+04
0.000000000000000000e+00
0.000000000000000000e+00
3.600000000000000000e+02
6.553500000000000000e+04
0.000000000000000000e+00
0.000000000000000000e+00
3.650000000000000000e+02
2.800000000000000000e+01
0.000000000000000000e+00
0.000000000000000000e+00
3.470000000000000000e+02
5.900000000000000000e+01
0.000000000000000000e+00
0.000000000000000000e+00
3.380000000000000000e+02
8.400000000000000000e+01
0.000000000000000000e+00
0.000000000000000000e+00
3.100000000000000000e+02
1.140000000000000000e+02
0.000000000000000000e+00
0.000000000000000000e+00
3.010000000000000000e+02
1.350000000000000000e+02
0.000000000000000000e+00
0.000000000000000000e+00
2.660000000000000000e+02
1.600000000000000000e+02
0.000000000000000000e+00
0.000000000000000000e+00
2.560000000000000000e+02
1.950000000000000000e+02
0.000000000000000000e+00
0.000000000000000000e+00
2.420000000000000000e+02
2.290000000000000000e+02
0.000000000000000000e+00
0.000000000000000000e+00
2.260000000000000000e+02
2.620000000000000000e+02
0.000000000000000000e+00
0.000000000000000000e+00
2.150000000000000000e+02
2.800000000000000000e+02
0.000000000000000000e+00
0.000000000000000000e+00
2.140000000000000000e+02
3.010000000000000000e+02
0.000000000000000000e+00
0.000000000000000000e+00
1.250000000000000000e+02
2.970000000000000000e+02
0.000000000000000000e+00
0.000000000000000000e+00
1.470000000000000000e+02
3.440000000000000000e+02
0.000000000000000000e+00
0.000000000000000000e+00
6.532800000000000000e+04
2.170000000000000000e+02
0.000000000000000000e+00
0.000000000000000000e+00
6.525800000000000000e+04
2.300000000000000000e+02
0.000000000000000000e+00
0.000000000000000000e+00
6.522900000000000000e+04
1.650000000000000000e+02
0.000000000000000000e+00
0.000000000000000000e+00
6.521300000000000000e+04
1.600000000000000000e+02
0.000000000000000000e+00
0.000000000000000000e+00
6.521400000000000000e+04
1.370000000000000000e+02
0.000000000000000000e+00
0.000000000000000000e+00
6.519400000000000000e+04
1.080000000000000000e+02
0.000000000000000000e+00
0.000000000000000000e+00
6.519700000000000000e+04
7.600000000000000000e+01
0.000000000000000000e+00
0.000000000000000000e+00
6.518900000000000000e+04
4.600000000000000000e+01
0.000000000000000000e+00
0.000000000000000000e+00
6.520300000000000000e+04
1.000000000000000000e+01
0.000000000000000000e+00
0.000000000000000000e+00
6.520700000000000000e+04
6.552200000000000000e+04
0.000000000000000000e+00
0.000000000000000000e+00
6.521600000000000000e+04
6.548300000000000000e+04
0.000000000000000000e+00
0.000000000000000000e+00
6.521000000000000000e+04
6.544500000000000000e+04
0.000000000000000000e+00
0.000000000000000000e+00
6.521000000000000000e+04
6.541200000000000000e+04
0.000000000000000000e+00
0.000000000000000000e+00
6.521300000000000000e+04
6.537100000000000000e+04
0.000000000000000000e+00
0.000000000000000000e+00
6.521300000000000000e+04
6.533400000000000000e+04
0.000000000000000000e+00
0.000000000000000000e+00
6.524600000000000000e+04
6.531800000000000000e+04
0.000000000000000000e+00
0.000000000000000000e+00
6.526200000000000000e+04
6.529100000000000000e+04
0.000000000000000000e+00
0.000000000000000000e+00
6.529400000000000000e+04
6.527000000000000000e+04
0.000000000000000000e+00
0.000000000000000000e+00
6.531000000000000000e+04
6.524400000000000000e+04
0.000000000000000000e+00
0.000000000000000000e+00
6.534400000000000000e+04
6.524100000000000000e+04
0.000000000000000000e+00
0.000000000000000000e+00
6.536400000000000000e+04
6.522500000000000000e+04
0.000000000000000000e+00
0.000000000000000000e+00
6.540300000000000000e+04
6.523000000000000000e+04
0.000000000000000000e+00
0.000000000000000000e+00
6.542700000000000000e+04
6.522700000000000000e+04
0.000000000000000000e+00
0.000000000000000000e+00
6.546400000000000000e+04
6.522000000000000000e+04
0.000000000000000000e+00
0.000000000000000000e+00
6.549200000000000000e+04
6.520000000000000000e+04
0.000000000000000000e+00
0.000000000000000000e+00
6.552000000000000000e+04
6.518400000000000000e+04
0.000000000000000000e+00
0.000000000000000000e+00
1.200000000000000000e+01
6.517300000000000000e+04
0.000000000000000000e+00
0.000000000000000000e+00
4.200000000000000000e+01
6.516700000000000000e+04
0.000000000000000000e+00
0.000000000000000000e+00
2.135700000000000000e+04
4.423400000000000000e+04
1.217000000000000000e+03
4.415900000000000000e+04
1.700000000000000000e+01
0.000000000000000000e+00
0.000000000000000000e+00
0.000000000000000000e+00
1.390000000000000000e+02
6.523400000000000000e+04
0.000000000000000000e+00
0.000000000000000000e+00
1.660000000000000000e+02
6.523700000000000000e+04
0.000000000000000000e+00
0.000000000000000000e+00
1.830000000000000000e+02
6.525100000000000000e+04
0.000000000000000000e+00
0.000000000000000000e+00
2.080000000000000000e+02
6.526400000000000000e+04
0.000000000000000000e+00
0.000000000000000000e+00
2.330000000000000000e+02
6.528700000000000000e+04
0.000000000000000000e+00
0.000000000000000000e+00
2.730000000000000000e+02
6.530700000000000000e+04
0.000000000000000000e+00
0.000000000000000000e+00
2.970000000000000000e+02
6.533400000000000000e+04
0.000000000000000000e+00
0.000000000000000000e+00
3.310000000000000000e+02
6.535300000000000000e+04
0.000000000000000000e+00
0.000000000000000000e+00
3.300000000000000000e+02
6.537000000000000000e+04
0.000000000000000000e+00
0.000000000000000000e+00
3.290000000000000000e+02
6.538600000000000000e+04
0.000000000000000000e+00
0.000000000000000000e+00
3.190000000000000000e+02
6.540500000000000000e+04
0.000000000000000000e+00
0.000000000000000000e+00
3.140000000000000000e+02
6.542700000000000000e+04
0.000000000000000000e+00
0.000000000000000000e+00
3.120000000000000000e+02
6.545000000000000000e+04
0.000000000000000000e+00
0.000000000000000000e+00
3.190000000000000000e+02
6.547300000000000000e+04
0.000000000000000000e+00
0.000000000000000000e+00
3.290000000000000000e+02
6.550300000000000000e+04
0.000000000000000000e+00
0.000000000000000000e+00
3.310000000000000000e+02
6.552700000000000000e+04
0.000000000000000000e+00
0.000000000000000000e+00
3.350000000000000000e+02
2.300000000000000000e+01
0.000000000000000000e+00
0.000000000000000000e+00
3.310000000000000000e+02
6.200000000000000000e+01
0.000000000000000000e+00
0.000000000000000000e+00
3.350000000000000000e+02
1.070000000000000000e+02
0.000000000000000000e+00
0.000000000000000000e+00
3.260000000000000000e+02
1.430000000000000000e+02
0.000000000000000000e+00
0.000000000000000000e+00
3.260000000000000000e+02
1.810000000000000000e+02
0.000000000000000000e+00
0.000000000000000000e+00
3.090000000000000000e+02
1.910000000000000000e+02
0.000000000000000000e+00
0.000000000000000000e+00
2.880000000000000000e+02
1.980000000000000000e+02
0.000000000000000000e+00
0.000000000000000000e+00
2.590000000000000000e+02
2.060000000000000000e+02
0.000000000000000000e+00
0.000000000000000000e+00
2.450000000000000000e+02
2.050000000000000000e+02
0.000000000000000000e+00
0.000000000000000000e+00
2.230000000000000000e+02
1.970000000000000000e+02
0.000000000000000000e+00
0.000000000000000000e+00
2.230000000000000000e+02
2.860000000000000000e+02
0.000000000000000000e+00
0.000000000000000000e+00
1.920000000000000000e+02
2.220000000000000000e+02
0.000000000000000000e+00
0.000000000000000000e+00
6.524800000000000000e+04
1.020000000000000000e+02
0.000000000000000000e+00
0.000000000000000000e+00
6.524500000000000000e+04
8.800000000000000000e+01
0.000000000000000000e+00
0.000000000000000000e+00
6.521300000000000000e+04
2.000000000000000000e+01
0.000000000000000000e+00
0.000000000000000000e+00
6.521700000000000000e+04
1.900000000000000000e+01
0.000000000000000000e+00
0.000000000000000000e+00
6.521000000000000000e+04
6.553300000000000000e+04
0.000000000000000000e+00
0.000000000000000000e+00
6.520800000000000000e+04
6.550500000000000000e+04
0.000000000000000000e+00
0.000000000000000000e+00
6.520600000000000000e+04
6.547500000000000000e+04
0.000000000000000000e+00
0.000000000000000000e+00
6.521500000000000000e+04
6.542900000000000000e+04
0.000000000000000000e+00
0.000000000000000000e+00
6.522000000000000000e+04
6.538500000000000000e+04
0.000000000000000000e+00
0.000000000000000000e+00
6.523100000000000000e+04
6.535100000000000000e+04
0.000000000000000000e+00
0.000000000000000000e+00
6.524000000000000000e+04
6.533200000000000000e+04
0.000000000000000000e+00
0.000000000000000000e+00
6.525000000000000000e+04
6.531200000000000000e+04
0.000000000000000000e+00
0.000000000000000000e+00
6.526700000000000000e+04
6.530900000000000000e+04
0.000000000000000000e+00
0.000000000000000000e+00
6.528400000000000000e+04
6.529900000000000000e+04
0.000000000000000000e+00
0.000000000000000000e+00
6.531100000000000000e+04
6.529500000000000000e+04
0.000000000000000000e+00
0.000000000000000000e+00
6.533200000000000000e+04
6.527000000000000000e+04
0.000000000000000000e+00
0.000000000000000000e+00
6.535400000000000000e+04
6.526500000000000000e+04
0.000000000000000000e+00
0.000000000000000000e+00
6.537600000000000000e+04
6.524100000000000000e+04
0.000000000000000000e+00
0.000000000000000000e+00
6.539600000000000000e+04
6.522800000000000000e+04
0.000000000000000000e+00
0.000000000000000000e+00
6.542300000000000000e+04
6.521600000000000000e+04
0.000000000000000000e+00
0.000000000000000000e+00
6.546000000000000000e+04
6.520000000000000000e+04
0.000000000000000000e+00
0.000000000000000000e+00
6.550100000000000000e+04
6.518400000000000000e+04
0.000000000000000000e+00
0.000000000000000000e+00
6.553300000000000000e+04
6.517600000000000000e+04
0.000000000000000000e+00
0.000000000000000000e+00
1.600000000000000000e+01
6.517500000000000000e+04
0.000000000000000000e+00
0.000000000000000000e+00
3.100000000000000000e+01
6.517400000000000000e+04
0.000000000000000000e+00
0.000000000000000000e+00
4.300000000000000000e+01
6.518900000000000000e+04
0.000000000000000000e+00
0.000000000000000000e+00
5.900000000000000000e+01
6.519600000000000000e+04
0.000000000000000000e+00
0.000000000000000000e+00
8.000000000000000000e+01
6.521700000000000000e+04
0.000000000000000000e+00
0.000000000000000000e+00
3.335700000000000000e+04
4.423400000000000000e+04
1.217000000000000000e+03
4.415900000000000000e+04
1.500000000000000000e+01
0.000000000000000000e+00
0.000000000000000000e+00
0.000000000000000000e+00
6.520100000000000000e+04
7.300000000000000000e+01
0.000000000000000000e+00
0.000000000000000000e+00
6.519200000000000000e+04
6.400000000000000000e+01
0.000000000000000000e+00
0.000000000000000000e+00
6.519300000000000000e+04
3.700000000000000000e+01
0.000000000000000000e+00
0.000000000000000000e+00
6.519300000000000000e+04
1.300000000000000000e+01
0.000000000000000000e+00
0.000000000000000000e+00
6.519200000000000000e+04
1.000000000000000000e+00
0.000000000000000000e+00
0.000000000000000000e+00
6.519200000000000000e+04
6.553100000000000000e+04
0.000000000000000000e+00
0.000000000000000000e+00
6.519200000000000000e+04
6.550800000000000000e+04
0.000000000000000000e+00
0.000000000000000000e+00
6.519000000000000000e+04
6.549300000000000000e+04
0.000000000000000000e+00
0.000000000000000000e+00
6.519700000000000000e+04
6.546000000000000000e+04
0.000000000000000000e+00
0.000000000000000000e+00
6.520900000000000000e+04
6.542100000000000000e+04
0.000000000000000000e+00
0.000000000000000000e+00
6.521300000000000000e+04
6.539100000000000000e+04
0.000000000000000000e+00
0.000000000000000000e+00
6.523000000000000000e+04
6.535900000000000000e+04
0.000000000000000000e+00
0.000000000000000000e+00
6.524300000000000000e+04
6.534000000000000000e+04
0.000000000000000000e+00
0.000000000000000000e+00
6.526600000000000000e+04
6.532500000000000000e+04
0.000000000000000000e+00
0.000000000000000000e+00
6.526400000000000000e+04
6.531400000000000000e+04
0.000000000000000000e+00
0.000000000000000000e+00
6.528200000000000000e+04
6.529900000000000000e+04
0.000000000000000000e+00
0.000000000000000000e+00
6.529900000000000000e+04
6.529100000000000000e+04
0.000000000000000000e+00
0.000000000000000000e+00
6.530600000000000000e+04
6.527800000000000000e+04
0.000000000000000000e+00
0.000000000000000000e+00
6.531200000000000000e+04
6.527400000000000000e+04
0.000000000000000000e+00
0.000000000000000000e+00
6.532900000000000000e+04
6.525900000000000000e+04
0.000000000000000000e+00
0.000000000000000000e+00
6.534500000000000000e+04
6.525200000000000000e+04
0.000000000000000000e+00
0.000000000000000000e+00
6.537800000000000000e+04
6.523400000000000000e+04
0.000000000000000000e+00
0.000000000000000000e+00
6.542000000000000000e+04
6.521800000000000000e+04
0.000000000000000000e+00
0.000000000000000000e+00
6.545100000000000000e+04
6.520500000000000000e+04
0.000000000000000000e+00
0.000000000000000000e+00
6.548500000000000000e+04
6.520200000000000000e+04
0.000000000000000000e+00
0.000000000000000000e+00
6.551100000000000000e+04
6.519500000000000000e+04
0.000000000000000000e+00
0.000000000000000000e+00
6.547600000000000000e+04
6.519000000000000000e+04
0.000000000000000000e+00
0.000000000000000000e+00
1.600000000000000000e+01
6.522800000000000000e+04
0.000000000000000000e+00
0.000000000000000000e+00
1.680000000000000000e+02
2.160000000000000000e+02
0.000000000000000000e+00
0.000000000000000000e+00
1.270000000000000000e+02
2.760000000000000000e+02
0.000000000000000000e+00
0.000000000000000000e+00
1.110000000000000000e+02
3.160000000000000000e+02
0.000000000000000000e+00
0.000000000000000000e+00
8.800000000000000000e+01
3.230000000000000000e+02
0.000000000000000000e+00
0.000000000000000000e+00
8.700000000000000000e+01
3.270000000000000000e+02
0.000000000000000000e+00
0.000000000000000000e+00
6.300000000000000000e+01
3.300000000000000000e+02
0.000000000000000000e+00
0.000000000000000000e+00
5.000000000000000000e+01
3.460000000000000000e+02
0.000000000000000000e+00
0.000000000000000000e+00
3.100000000000000000e+01
3.420000000000000000e+02
0.000000000000000000e+00
0.000000000000000000e+00
2.400000000000000000e+01
3.480000000000000000e+02
0.000000000000000000e+00
0.000000000000000000e+00
0.000000000000000000e+00
3.460000000000000000e+02
0.000000000000000000e+00
0.000000000000000000e+00
6.551400000000000000e+04
3.430000000000000000e+02
0.000000000000000000e+00
0.000000000000000000e+00
6.547900000000000000e+04
3.310000000000000000e+02
0.000000000000000000e+00
0.000000000000000000e+00
6.544500000000000000e+04
3.290000000000000000e+02
0.000000000000000000e+00
0.000000000000000000e+00
6.541500000000000000e+04
3.160000000000000000e+02
0.000000000000000000e+00
0.000000000000000000e+00
6.538700000000000000e+04
3.070000000000000000e+02
0.000000000000000000e+00
0.000000000000000000e+00
6.537000000000000000e+04
3.020000000000000000e+02
0.000000000000000000e+00
0.000000000000000000e+00
6.534800000000000000e+04
2.840000000000000000e+02
0.000000000000000000e+00
0.000000000000000000e+00
6.533300000000000000e+04
2.830000000000000000e+02
0.000000000000000000e+00
0.000000000000000000e+00
6.531500000000000000e+04
2.650000000000000000e+02
0.000000000000000000e+00
0.000000000000000000e+00
6.530200000000000000e+04
2.560000000000000000e+02
0.000000000000000000e+00
0.000000000000000000e+00
6.529300000000000000e+04
2.470000000000000000e+02
0.000000000000000000e+00
0.000000000000000000e+00
6.528600000000000000e+04
2.450000000000000000e+02
0.000000000000000000e+00
0.000000000000000000e+00
6.527300000000000000e+04
2.270000000000000000e+02
0.000000000000000000e+00
0.000000000000000000e+00
6.526000000000000000e+04
2.120000000000000000e+02
0.000000000000000000e+00
0.000000000000000000e+00
6.524300000000000000e+04
1.870000000000000000e+02
0.000000000000000000e+00
0.000000000000000000e+00
6.522600000000000000e+04
1.620000000000000000e+02
0.000000000000000000e+00
0.000000000000000000e+00
6.521500000000000000e+04
1.400000000000000000e+02
0.000000000000000000e+00
0.000000000000000000e+00
6.520500000000000000e+04
1.180000000000000000e+02
0.000000000000000000e+00
0.000000000000000000e+00
4.535700000000000000e+04
4.423400000000000000e+04
1.217000000000000000e+03
4.415900000000000000e+04
1.500000000000000000e+01
0.000000000000000000e+00
0.000000000000000000e+00
0.000000000000000000e+00
1.020000000000000000e+02
6.519200000000000000e+04
0.000000000000000000e+00
0.000000000000000000e+00
1.200000000000000000e+02
6.520900000000000000e+04
0.000000000000000000e+00
0.000000000000000000e+00
1.370000000000000000e+02
6.520400000000000000e+04
0.000000000000000000e+00
0.000000000000000000e+00
1.510000000000000000e+02
6.521400000000000000e+04
0.000000000000000000e+00
0.000000000000000000e+00
1.580000000000000000e+02
6.521800000000000000e+04
0.000000000000000000e+00
0.000000000000000000e+00
1.630000000000000000e+02
6.524300000000000000e+04
0.000000000000000000e+00
0.000000000000000000e+00
1.720000000000000000e+02
6.524900000000000000e+04
0.000000000000000000e+00
0.000000000000000000e+00
1.850000000000000000e+02
6.527700000000000000e+04
0.000000000000000000e+00
0.000000000000000000e+00
2.080000000000000000e+02
6.527800000000000000e+04
0.000000000000000000e+00
0.000000000000000000e+00
2.310000000000000000e+02
6.528000000000000000e+04
0.000000000000000000e+00
0.000000000000000000e+00
2.540000000000000000e+02
6.528900000000000000e+04
0.000000000000000000e+00
0.000000000000000000e+00
2.770000000000000000e+02
6.529400000000000000e+04
0.000000000000000000e+00
0.000000000000000000e+00
2.830000000000000000e+02
6.530700000000000000e+04
0.000000000000000000e+00
0.000000000000000000e+00
2.940000000000000000e+02
6.531600000000000000e+04
0.000000000000000000e+00
0.000000000000000000e+00
3.000000000000000000e+02
6.534200000000000000e+04
0.000000000000000000e+00
0.000000000000000000e+00
3.130000000000000000e+02
6.535000000000000000e+04
0.000000000000000000e+00
0.000000000000000000e+00
3.090000000000000000e+02
6.537200000000000000e+04
0.000000000000000000e+00
0.000000000000000000e+00
3.160000000000000000e+02
6.538700000000000000e+04
0.000000000000000000e+00
0.000000000000000000e+00
3.080000000000000000e+02
6.541300000000000000e+04
0.000000000000000000e+00
0.000000000000000000e+00
3.120000000000000000e+02
6.542300000000000000e+04
0.000000000000000000e+00
0.000000000000000000e+00
2.980000000000000000e+02
6.545100000000000000e+04
0.000000000000000000e+00
0.000000000000000000e+00
3.100000000000000000e+02
6.547100000000000000e+04
0.000000000000000000e+00
0.000000000000000000e+00
3.210000000000000000e+02
6.549000000000000000e+04
0.000000000000000000e+00
0.000000000000000000e+00
3.340000000000000000e+02
6.551600000000000000e+04
0.000000000000000000e+00
0.000000000000000000e+00
3.380000000000000000e+02
6.552900000000000000e+04
0.000000000000000000e+00
0.000000000000000000e+00
3.550000000000000000e+02
2.000000000000000000e+00
0.000000000000000000e+00
0.000000000000000000e+00
3.310000000000000000e+02
2.200000000000000000e+01
0.000000000000000000e+00
0.000000000000000000e+00
3.910000000000000000e+02
2.200000000000000000e+01
0.000000000000000000e+00
0.000000000000000000e+00
6.525400000000000000e+04
6.544200000000000000e+04
0.000000000000000000e+00
0.000000000000000000e+00
6.520400000000000000e+04
6.539200000000000000e+04
0.000000000000000000e+00
0.000000000000000000e+00
6.523600000000000000e+04
6.536700000000000000e+04
0.000000000000000000e+00
0.000000000000000000e+00
6.522500000000000000e+04
6.535700000000000000e+04
0.000000000000000000e+00
0.000000000000000000e+00
6.524100000000000000e+04
6.535000000000000000e+04
0.000000000000000000e+00
0.000000000000000000e+00
6.523900000000000000e+04
6.532900000000000000e+04
0.000000000000000000e+00
0.000000000000000000e+00
6.525800000000000000e+04
6.532200000000000000e+04
0.000000000000000000e+00
0.000000000000000000e+00
6.526900000000000000e+04
6.530500000000000000e+04
0.000000000000000000e+00
0.000000000000000000e+00
6.529800000000000000e+04
6.530200000000000000e+04
0.000000000000000000e+00
0.000000000000000000e+00
6.531000000000000000e+04
6.529300000000000000e+04
0.000000000000000000e+00
0.000000000000000000e+00
6.533300000000000000e+04
6.527800000000000000e+04
0.000000000000000000e+00
0.000000000000000000e+00
6.534000000000000000e+04
6.525300000000000000e+04
0.000000000000000000e+00
0.000000000000000000e+00
6.534800000000000000e+04
6.523500000000000000e+04
0.000000000000000000e+00
0.000000000000000000e+00
6.536300000000000000e+04
6.521000000000000000e+04
0.000000000000000000e+00
0.000000000000000000e+00
6.536900000000000000e+04
6.518700000000000000e+04
0.000000000000000000e+00
0.000000000000000000e+00
6.539200000000000000e+04
6.519700000000000000e+04
0.000000000000000000e+00
0.000000000000000000e+00
6.540800000000000000e+04
6.518900000000000000e+04
0.000000000000000000e+00
0.000000000000000000e+00
6.543300000000000000e+04
6.518700000000000000e+04
0.000000000000000000e+00
0.000000000000000000e+00
6.544200000000000000e+04
6.517400000000000000e+04
0.000000000000000000e+00
0.000000000000000000e+00
6.546200000000000000e+04
6.518600000000000000e+04
0.000000000000000000e+00
0.000000000000000000e+00
6.547500000000000000e+04
6.518000000000000000e+04
0.000000000000000000e+00
0.000000000000000000e+00
6.549600000000000000e+04
6.519700000000000000e+04
0.000000000000000000e+00
0.000000000000000000e+00
6.550500000000000000e+04
6.520100000000000000e+04
0.000000000000000000e+00
0.000000000000000000e+00
6.553000000000000000e+04
6.520300000000000000e+04
0.000000000000000000e+00
0.000000000000000000e+00
1.100000000000000000e+01
6.519000000000000000e+04
0.000000000000000000e+00
0.000000000000000000e+00
2.800000000000000000e+01
6.517900000000000000e+04
0.000000000000000000e+00
0.000000000000000000e+00
4.700000000000000000e+01
6.517100000000000000e+04
0.000000000000000000e+00
0.000000000000000000e+00
6.500000000000000000e+01
6.516900000000000000e+04
0.000000000000000000e+00
0.000000000000000000e+00
5.735500000000000000e+04
4.423400000000000000e+04
1.217000000000000000e+03
4.415900000000000000e+04
1.700000000000000000e+01
0.000000000000000000e+00
0.000000000000000000e+00
0.000000000000000000e+00
1.490000000000000000e+02
6.524300000000000000e+04
0.000000000000000000e+00
0.000000000000000000e+00
1.940000000000000000e+02
6.526000000000000000e+04
0.000000000000000000e+00
0.000000000000000000e+00
2.250000000000000000e+02
6.528700000000000000e+04
0.000000000000000000e+00
0.000000000000000000e+00
2.550000000000000000e+02
6.531900000000000000e+04
0.000000000000000000e+00
0.000000000000000000e+00
2.850000000000000000e+02
6.536700000000000000e+04
0.000000000000000000e+00
0.000000000000000000e+00
3.250000000000000000e+02
6.541600000000000000e+04
0.000000000000000000e+00
0.000000000000000000e+00
3.430000000000000000e+02
6.546800000000000000e+04
0.000000000000000000e+00
0.000000000000000000e+00
3.680000000000000000e+02
6.551700000000000000e+04
0.000000000000000000e+00
0.000000000000000000e+00
3.650000000000000000e+02
1.500000000000000000e+01
0.000000000000000000e+00
0.000000000000000000e+00
3.540000000000000000e+02
4.700000000000000000e+01
0.000000000000000000e+00
0.000000000000000000e+00
3.340000000000000000e+02
7.600000000000000000e+01
0.000000000000000000e+00
0.000000000000000000e+00
3.070000000000000000e+02
1.080000000000000000e+02
0.000000000000000000e+00
0.000000000000000000e+00
2.830000000000000000e+02
1.450000000000000000e+02
0.000000000000000000e+00
0.000000000000000000e+00
2.620000000000000000e+02
1.820000000000000000e+02
0.000000000000000000e+00
0.000000000000000000e+00
2.340000000000000000e+02
2.250000000000000000e+02
0.000000000000000000e+00
0.000000000000000000e+00
2.020000000000000000e+02
2.530000000000000000e+02
0.000000000000000000e+00
0.000000000000000000e+00
1.670000000000000000e+02
2.860000000000000000e+02
0.000000000000000000e+00
0.000000000000000000e+00
1.100000000000000000e+02
3.090000000000000000e+02
0.000000000000000000e+00
0.000000000000000000e+00
5.600000000000000000e+01
3.400000000000000000e+02
0.000000000000000000e+00
0.000000000000000000e+00
6.553500000000000000e+04
3.490000000000000000e+02
0.000000000000000000e+00
0.000000000000000000e+00
6.548200000000000000e+04
3.660000000000000000e+02
0.000000000000000000e+00
0.000000000000000000e+00
6.544800000000000000e+04
3.500000000000000000e+02
0.000000000000000000e+00
0.000000000000000000e+00
6.542200000000000000e+04
3.270000000000000000e+02
0.000000000000000000e+00
0.000000000000000000e+00
6.539100000000000000e+04
2.930000000000000000e+02
0.000000000000000000e+00
0.000000000000000000e+00
6.538500000000000000e+04
2.740000000000000000e+02
0.000000000000000000e+00
0.000000000000000000e+00
6.538200000000000000e+04
2.460000000000000000e+02
0.000000000000000000e+00
0.000000000000000000e+00
6.523700000000000000e+04
2.310000000000000000e+02
0.000000000000000000e+00
0.000000000000000000e+00
6.528900000000000000e+04
1.780000000000000000e+02
0.000000000000000000e+00
0.000000000000000000e+00
1.290000000000000000e+02
2.900000000000000000e+02
0.000000000000000000e+00
0.000000000000000000e+00
1.040000000000000000e+02
3.000000000000000000e+02
0.000000000000000000e+00
0.000000000000000000e+00
6.553100000000000000e+04
3.250000000000000000e+02
0.000000000000000000e+00
0.000000000000000000e+00
6.552200000000000000e+04
3.200000000000000000e+02
0.000000000000000000e+00
0.000000000000000000e+00
6.548900000000000000e+04
3.220000000000000000e+02
0.000000000000000000e+00
0.000000000000000000e+00
6.544100000000000000e+04
3.110000000000000000e+02
0.000000000000000000e+00
0.000000000000000000e+00
6.539400000000000000e+04
2.980000000000000000e+02
0.000000000000000000e+00
0.000000000000000000e+00
6.533600000000000000e+04
2.690000000000000000e+02
0.000000000000000000e+00
0.000000000000000000e+00
6.528100000000000000e+04
2.360000000000000000e+02
0.000000000000000000e+00
0.000000000000000000e+00
6.524000000000000000e+04
1.930000000000000000e+02
0.000000000000000000e+00
0.000000000000000000e+00
6.521500000000000000e+04
1.620000000000000000e+02
0.000000000000000000e+00
0.000000000000000000e+00
6.519600000000000000e+04
1.250000000000000000e+02
0.000000000000000000e+00
0.000000000000000000e+00
6.519600000000000000e+04
8.800000000000000000e+01
0.000000000000000000e+00
0.000000000000000000e+00
6.519600000000000000e+04
5.300000000000000000e+01
0.000000000000000000e+00
0.000000000000000000e+00
6.521300000000000000e+04
1.200000000000000000e+01
0.000000000000000000e+00
0.000000000000000000e+00
6.521000000000000000e+04
6.549700000000000000e+04
0.000000000000000000e+00
0.000000000000000000e+00
6.522400000000000000e+04
6.545800000000000000e+04
0.000000000000000000e+00
0.000000000000000000e+00
6.523500000000000000e+04
6.540700000000000000e+04
0.000000000000000000e+00
0.000000000000000000e+00
6.525500000000000000e+04
6.536500000000000000e+04
0.000000000000000000e+00
0.000000000000000000e+00
6.528000000000000000e+04
6.532400000000000000e+04
0.000000000000000000e+00
0.000000000000000000e+00
6.532000000000000000e+04
6.527700000000000000e+04
0.000000000000000000e+00
0.000000000000000000e+00
6.536000000000000000e+04
6.523200000000000000e+04
0.000000000000000000e+00
0.000000000000000000e+00
6.540700000000000000e+04
6.520200000000000000e+04
0.000000000000000000e+00
0.000000000000000000e+00
6.543900000000000000e+04
6.518700000000000000e+04
0.000000000000000000e+00
0.000000000000000000e+00
6.547200000000000000e+04
6.517800000000000000e+04
0.000000000000000000e+00
0.000000000000000000e+00
6.551000000000000000e+04
6.519000000000000000e+04
0.000000000000000000e+00
0.000000000000000000e+00
1.100000000000000000e+01
6.520000000000000000e+04
0.000000000000000000e+00
0.000000000000000000e+00
5.700000000000000000e+01
6.522200000000000000e+04
0.000000000000000000e+00
0.000000000000000000e+00
3.819000000000000000e+03
4.423500000000000000e+04
1.217000000000000000e+03
4.415900000000000000e+04
1.400000000000000000e+01
0.000000000000000000e+00
0.000000000000000000e+00
0.000000000000000000e+00
6.530000000000000000e+04
6.529300000000000000e+04
0.000000000000000000e+00
0.000000000000000000e+00
6.532100000000000000e+04
6.526700000000000000e+04
0.000000000000000000e+00
0.000000000000000000e+00
6.536200000000000000e+04
6.524200000000000000e+04
0.000000000000000000e+00
0.000000000000000000e+00
6.539600000000000000e+04
6.522600000000000000e+04
0.000000000000000000e+00
0.000000000000000000e+00
6.543000000000000000e+04
6.520800000000000000e+04
0.000000000000000000e+00
0.000000000000000000e+00
6.545500000000000000e+04
6.520800000000000000e+04
0.000000000000000000e+00
0.000000000000000000e+00
6.549700000000000000e+04
6.519500000000000000e+04
0.000000000000000000e+00
0.000000000000000000e+00
6.552300000000000000e+04
6.519500000000000000e+04
0.000000000000000000e+00
0.000000000000000000e+00
3.900000000000000000e+01
6.520000000000000000e+04
0.000000000000000000e+00
0.000000000000000000e+00
9.100000000000000000e+01
6.521500000000000000e+04
0.000000000000000000e+00
0.000000000000000000e+00
1.400000000000000000e+02
6.522400000000000000e+04
0.000000000000000000e+00
0.000000000000000000e+00
1.890000000000000000e+02
6.525200000000000000e+04
0.000000000000000000e+00
0.000000000000000000e+00
2.300000000000000000e+02
6.527800000000000000e+04
0.000000000000000000e+00
0.000000000000000000e+00
2.610000000000000000e+02
6.531300000000000000e+04
0.000000000000000000e+00
0.000000000000000000e+00
2.820000000000000000e+02
6.533200000000000000e+04
0.000000000000000000e+00
0.000000000000000000e+00
3.010000000000000000e+02
6.537100000000000000e+04
0.000000000000000000e+00
0.000000000000000000e+00
3.100000000000000000e+02
6.540600000000000000e+04
0.000000000000000000e+00
0.000000000000000000e+00
3.260000000000000000e+02
6.543600000000000000e+04
0.000000000000000000e+00
0.000000000000000000e+00
3.270000000000000000e+02
6.546300000000000000e+04
0.000000000000000000e+00
0.000000000000000000e+00
3.390000000000000000e+02
6.551200000000000000e+04
0.000000000000000000e+00
0.000000000000000000e+00
3.380000000000000000e+02
7.000000000000000000e+00
0.000000000000000000e+00
0.000000000000000000e+00
3.320000000000000000e+02
6.100000000000000000e+01
0.000000000000000000e+00
0.000000000000000000e+00
3.160000000000000000e+02
1.170000000000000000e+02
0.000000000000000000e+00
0.000000000000000000e+00
2.990000000000000000e+02
1.660000000000000000e+02
0.000000000000000000e+00
0.000000000000000000e+00
2.820000000000000000e+02
1.930000000000000000e+02
0.000000000000000000e+00
0.000000000000000000e+00
2.680000000000000000e+02
2.260000000000000000e+02
0.000000000000000000e+00
0.000000000000000000e+00
2.130000000000000000e+02
2.590000000000000000e+02
0.000000000000000000e+00
0.000000000000000000e+00
1.170000000000000000e+02
3.040000000000000000e+02
0.000000000000000000e+00
0.000000000000000000e+00
2.890000000000000000e+02
6.900000000000000000e+01
0.000000000000000000e+00
0.000000000000000000e+00
2.960000000000000000e+02
1.530000000000000000e+02
0.000000000000000000e+00
0.000000000000000000e+00
2.620000000000000000e+02
2.260000000000000000e+02
0.000000000000000000e+00
0.000000000000000000e+00
2.300000000000000000e+02
2.450000000000000000e+02
0.000000000000000000e+00
0.000000000000000000e+00
2.270000000000000000e+02
2.530000000000000000e+02
0.000000000000000000e+00
0.000000000000000000e+00
1.900000000000000000e+02
2.760000000000000000e+02
0.000000000000000000e+00
0.000000000000000000e+00
1.510000000000000000e+02
3.020000000000000000e+02
0.000000000000000000e+00
0.000000000000000000e+00
1.290000000000000000e+02
3.160000000000000000e+02
0.000000000000000000e+00
0.000000000000000000e+00
9.900000000000000000e+01
3.290000000000000000e+02
0.000000000000000000e+00
0.000000000000000000e+00
5.800000000000000000e+01
3.360000000000000000e+02
0.000000000000000000e+00
0.000000000000000000e+00
1.500000000000000000e+01
3.340000000000000000e+02
0.000000000000000000e+00
0.000000000000000000e+00
6.550900000000000000e+04
3.230000000000000000e+02
0.000000000000000000e+00
0.000000000000000000e+00
6.545600000000000000e+04
3.180000000000000000e+02
0.000000000000000000e+00
0.000000000000000000e+00
6.541700000000000000e+04
3.010000000000000000e+02
0.000000000000000000e+00
0.000000000000000000e+00
6.536800000000000000e+04
2.870000000000000000e+02
0.000000000000000000e+00
0.000000000000000000e+00
6.533000000000000000e+04
2.650000000000000000e+02
0.000000000000000000e+00
0.000000000000000000e+00
6.528700000000000000e+04
2.300000000000000000e+02
0.000000000000000000e+00
0.000000000000000000e+00
6.526100000000000000e+04
2.120000000000000000e+02
0.000000000000000000e+00
0.000000000000000000e+00
6.524100000000000000e+04
1.720000000000000000e+02
0.000000000000000000e+00
0.000000000000000000e+00
6.521500000000000000e+04
1.380000000000000000e+02
0.000000000000000000e+00
0.000000000000000000e+00
6.521300000000000000e+04
1.100000000000000000e+02
0.000000000000000000e+00
0.000000000000000000e+00
6.520500000000000000e+04
8.300000000000000000e+01
0.000000000000000000e+00
0.000000000000000000e+00
6.520000000000000000e+04
3.900000000000000000e+01
0.000000000000000000e+00
0.000000000000000000e+00
6.520200000000000000e+04
6.553500000000000000e+04
0.000000000000000000e+00
0.000000000000000000e+00
6.521500000000000000e+04
6.548800000000000000e+04
0.000000000000000000e+00
0.000000000000000000e+00
6.521900000000000000e+04
6.543700000000000000e+04
0.000000000000000000e+00
0.000000000000000000e+00
6.524200000000000000e+04
6.539700000000000000e+04
0.000000000000000000e+00
0.000000000000000000e+00
6.525300000000000000e+04
6.535300000000000000e+04
0.000000000000000000e+00
0.000000000000000000e+00
1.581900000000000000e+04
4.423500000000000000e+04
1.217000000000000000e+03
4.415900000000000000e+04
1.500000000000000000e+01
0.000000000000000000e+00
0.000000000000000000e+00
0.000000000000000000e+00
1.100000000000000000e+02
6.520100000000000000e+04
0.000000000000000000e+00
0.000000000000000000e+00
1.460000000000000000e+02
6.522900000000000000e+04
0.000000000000000000e+00
0.000000000000000000e+00
1.850000000000000000e+02
6.523500000000000000e+04
0.000000000000000000e+00
0.000000000000000000e+00
2.120000000000000000e+02
6.525800000000000000e+04
0.000000000000000000e+00
0.000000000000000000e+00
2.350000000000000000e+02
6.527800000000000000e+04
0.000000000000000000e+00
0.000000000000000000e+00
2.490000000000000000e+02
6.531800000000000000e+04
0.000000000000000000e+00
0.000000000000000000e+00
2.680000000000000000e+02
6.534000000000000000e+04
0.000000000000000000e+00
0.000000000000000000e+00
2.770000000000000000e+02
6.538500000000000000e+04
0.000000000000000000e+00
0.000000000000000000e+00
3.050000000000000000e+02
6.541400000000000000e+04
0.000000000000000000e+00
0.000000000000000000e+00
3.300000000000000000e+02
6.544300000000000000e+04
0.000000000000000000e+00
0.000000000000000000e+00
3.460000000000000000e+02
6.548100000000000000e+04
0.000000000000000000e+00
0.000000000000000000e+00
3.620000000000000000e+02
6.551900000000000000e+04
0.000000000000000000e+00
0.000000000000000000e+00
3.600000000000000000e+02
1.900000000000000000e+01
0.000000000000000000e+00
0.000000000000000000e+00
3.600000000000000000e+02
5.900000000000000000e+01
0.000000000000000000e+00
0.000000000000000000e+00
3.390000000000000000e+02
1.010000000000000000e+02
0.000000000000000000e+00
0.000000000000000000e+00
3.350000000000000000e+02
1.380000000000000000e+02
0.000000000000000000e+00
0.000000000000000000e+00
3.060000000000000000e+02
1.670000000000000000e+02
0.000000000000000000e+00
0.000000000000000000e+00
2.870000000000000000e+02
1.920000000000000000e+02
0.000000000000000000e+00
0.000000000000000000e+00
2.480000000000000000e+02
2.160000000000000000e+02
0.000000000000000000e+00
0.000000000000000000e+00
2.250000000000000000e+02
2.350000000000000000e+02
0.000000000000000000e+00
0.000000000000000000e+00
1.820000000000000000e+02
2.510000000000000000e+02
0.000000000000000000e+00
0.000000000000000000e+00
1.530000000000000000e+02
2.790000000000000000e+02
0.000000000000000000e+00
0.000000000000000000e+00
1.210000000000000000e+02
3.030000000000000000e+02
0.000000000000000000e+00
0.000000000000000000e+00
8.600000000000000000e+01
3.260000000000000000e+02
0.000000000000000000e+00
0.000000000000000000e+00
7.000000000000000000e+01
3.400000000000000000e+02
0.000000000000000000e+00
0.000000000000000000e+00
5.400000000000000000e+01
3.550000000000000000e+02
0.000000000000000000e+00
0.000000000000000000e+00
6.549400000000000000e+04
3.170000000000000000e+02
0.000000000000000000e+00
0.000000000000000000e+00
6.545200000000000000e+04
3.730000000000000000e+02
0.000000000000000000e+00
0.000000000000000000e+00
6.547100000000000000e+04
3.030000000000000000e+02
0.000000000000000000e+00
0.000000000000000000e+00
6.541400000000000000e+04
3.440000000000000000e+02
0.000000000000000000e+00
0.000000000000000000e+00
6.534200000000000000e+04
2.850000000000000000e+02
0.000000000000000000e+00
0.000000000000000000e+00
6.532300000000000000e+04
2.890000000000000000e+02
0.000000000000000000e+00
0.000000000000000000e+00
6.531000000000000000e+04
2.660000000000000000e+02
0.000000000000000000e+00
0.000000000000000000e+00
6.527400000000000000e+04
2.460000000000000000e+02
0.000000000000000000e+00
0.000000000000000000e+00
6.525900000000000000e+04
2.090000000000000000e+02
0.000000000000000000e+00
0.000000000000000000e+00
6.523500000000000000e+04
1.850000000000000000e+02
0.000000000000000000e+00
0.000000000000000000e+00
6.523100000000000000e+04
1.390000000000000000e+02
0.000000000000000000e+00
0.000000000000000000e+00
6.522300000000000000e+04
1.070000000000000000e+02
0.000000000000000000e+00
0.000000000000000000e+00
6.521400000000000000e+04
5.700000000000000000e+01
0.000000000000000000e+00
0.000000000000000000e+00
6.519400000000000000e+04
1.800000000000000000e+01
0.000000000000000000e+00
0.000000000000000000e+00
6.518300000000000000e+04
6.551600000000000000e+04
0.000000000000000000e+00
0.000000000000000000e+00
6.517500000000000000e+04
6.547200000000000000e+04
0.000000000000000000e+00
0.000000000000000000e+00
6.516900000000000000e+04
6.543100000000000000e+04
0.000000000000000000e+00
0.000000000000000000e+00
6.520000000000000000e+04
6.540100000000000000e+04
0.000000000000000000e+00
0.000000000000000000e+00
6.521500000000000000e+04
6.536300000000000000e+04
0.000000000000000000e+00
0.000000000000000000e+00
6.524600000000000000e+04
6.533100000000000000e+04
0.000000000000000000e+00
0.000000000000000000e+00
6.526000000000000000e+04
6.529500000000000000e+04
0.000000000000000000e+00
0.000000000000000000e+00
6.529600000000000000e+04
6.527700000000000000e+04
0.000000000000000000e+00
0.000000000000000000e+00
6.531700000000000000e+04
6.525700000000000000e+04
0.000000000000000000e+00
0.000000000000000000e+00
6.536100000000000000e+04
6.525000000000000000e+04
0.000000000000000000e+00
0.000000000000000000e+00
6.538800000000000000e+04
6.523900000000000000e+04
0.000000000000000000e+00
0.000000000000000000e+00
6.543400000000000000e+04
6.522700000000000000e+04
0.000000000000000000e+00
0.000000000000000000e+00
6.546800000000000000e+04
6.520500000000000000e+04
0.000000000000000000e+00
0.000000000000000000e+00
6.550300000000000000e+04
6.518700000000000000e+04
0.000000000000000000e+00
0.000000000000000000e+00
1.000000000000000000e+00
6.517600000000000000e+04
0.000000000000000000e+00
0.000000000000000000e+00
3.700000000000000000e+01
6.517300000000000000e+04
0.000000000000000000e+00
0.000000000000000000e+00
2.781900000000000000e+04
4.423500000000000000e+04
1.217000000000000000e+03
4.415900000000000000e+04
1.700000000000000000e+01
0.000000000000000000e+00
0.000000000000000000e+00
0.000000000000000000e+00
1.430000000000000000e+02
6.523800000000000000e+04
0.000000000000000000e+00
0.000000000000000000e+00
1.770000000000000000e+02
6.524600000000000000e+04
0.000000000000000000e+00
0.000000000000000000e+00
1.980000000000000000e+02
6.526400000000000000e+04
0.000000000000000000e+00
0.000000000000000000e+00
2.280000000000000000e+02
6.528500000000000000e+04
0.000000000000000000e+00
0.000000000000000000e+00
2.540000000000000000e+02
6.531900000000000000e+04
0.000000000000000000e+00
0.000000000000000000e+00
2.940000000000000000e+02
6.534600000000000000e+04
0.000000000000000000e+00
0.000000000000000000e+00
3.190000000000000000e+02
6.538000000000000000e+04
0.000000000000000000e+00
0.000000000000000000e+00
3.540000000000000000e+02
6.540900000000000000e+04
0.000000000000000000e+00
0.000000000000000000e+00
3.520000000000000000e+02
6.543000000000000000e+04
0.000000000000000000e+00
0.000000000000000000e+00
3.510000000000000000e+02
6.545200000000000000e+04
0.000000000000000000e+00
0.000000000000000000e+00
3.410000000000000000e+02
6.547600000000000000e+04
0.000000000000000000e+00
0.000000000000000000e+00
3.300000000000000000e+02
6.550100000000000000e+04
0.000000000000000000e+00
0.000000000000000000e+00
3.240000000000000000e+02
6.553200000000000000e+04
0.000000000000000000e+00
0.000000000000000000e+00
3.250000000000000000e+02
2.600000000000000000e+01
0.000000000000000000e+00
0.000000000000000000e+00
3.250000000000000000e+02
6.100000000000000000e+01
0.000000000000000000e+00
0.000000000000000000e+00
3.160000000000000000e+02
9.100000000000000000e+01
0.000000000000000000e+00
0.000000000000000000e+00
3.080000000000000000e+02
1.300000000000000000e+02
0.000000000000000000e+00
0.000000000000000000e+00
2.860000000000000000e+02
1.720000000000000000e+02
0.000000000000000000e+00
0.000000000000000000e+00
2.700000000000000000e+02
2.200000000000000000e+02
0.000000000000000000e+00
0.000000000000000000e+00
2.440000000000000000e+02
2.560000000000000000e+02
0.000000000000000000e+00
0.000000000000000000e+00
2.260000000000000000e+02
2.980000000000000000e+02
0.000000000000000000e+00
0.000000000000000000e+00
2.020000000000000000e+02
3.030000000000000000e+02
0.000000000000000000e+00
0.000000000000000000e+00
1.770000000000000000e+02
3.040000000000000000e+02
0.000000000000000000e+00
0.000000000000000000e+00
1.430000000000000000e+02
3.020000000000000000e+02
0.000000000000000000e+00
0.000000000000000000e+00
1.280000000000000000e+02
2.960000000000000000e+02
0.000000000000000000e+00
0.000000000000000000e+00
1.120000000000000000e+02
2.790000000000000000e+02
0.000000000000000000e+00
0.000000000000000000e+00
3.500000000000000000e+01
3.540000000000000000e+02
0.000000000000000000e+00
0.000000000000000000e+00
4.400000000000000000e+01
2.930000000000000000e+02
0.000000000000000000e+00
0.000000000000000000e+00
6.534100000000000000e+04
2.400000000000000000e+02
0.000000000000000000e+00
0.000000000000000000e+00
6.532300000000000000e+04
2.300000000000000000e+02
0.000000000000000000e+00
0.000000000000000000e+00
6.526200000000000000e+04
1.730000000000000000e+02
0.000000000000000000e+00
0.000000000000000000e+00
6.526100000000000000e+04
1.670000000000000000e+02
0.000000000000000000e+00
0.000000000000000000e+00
6.524400000000000000e+04
1.460000000000000000e+02
0.000000000000000000e+00
0.000000000000000000e+00
6.522600000000000000e+04
1.140000000000000000e+02
0.000000000000000000e+00
0.000000000000000000e+00
6.521100000000000000e+04
8.000000000000000000e+01
0.000000000000000000e+00
0.000000000000000000e+00
6.519500000000000000e+04
3.000000000000000000e+01
0.000000000000000000e+00
0.000000000000000000e+00
6.518400000000000000e+04
6.551900000000000000e+04
0.000000000000000000e+00
0.000000000000000000e+00
6.518300000000000000e+04
6.547800000000000000e+04
0.000000000000000000e+00
0.000000000000000000e+00
6.518800000000000000e+04
6.545200000000000000e+04
0.000000000000000000e+00
0.000000000000000000e+00
6.519500000000000000e+04
6.542500000000000000e+04
0.000000000000000000e+00
0.000000000000000000e+00
6.521600000000000000e+04
6.540600000000000000e+04
0.000000000000000000e+00
0.000000000000000000e+00
6.523100000000000000e+04
6.538500000000000000e+04
0.000000000000000000e+00
0.000000000000000000e+00
6.525800000000000000e+04
6.536800000000000000e+04
0.000000000000000000e+00
0.000000000000000000e+00
6.527500000000000000e+04
6.533500000000000000e+04
0.000000000000000000e+00
0.000000000000000000e+00
6.529700000000000000e+04
6.532000000000000000e+04
0.000000000000000000e+00
0.000000000000000000e+00
6.531700000000000000e+04
6.528900000000000000e+04
0.000000000000000000e+00
0.000000000000000000e+00
6.534100000000000000e+04
6.526600000000000000e+04
0.000000000000000000e+00
0.000000000000000000e+00
6.537100000000000000e+04
6.524300000000000000e+04
0.000000000000000000e+00
0.000000000000000000e+00
6.541100000000000000e+04
6.521800000000000000e+04
0.000000000000000000e+00
0.000000000000000000e+00
6.545300000000000000e+04
6.519100000000000000e+04
0.000000000000000000e+00
0.000000000000000000e+00
6.549200000000000000e+04
6.517700000000000000e+04
0.000000000000000000e+00
0.000000000000000000e+00
6.551800000000000000e+04
6.517400000000000000e+04
0.000000000000000000e+00
0.000000000000000000e+00
1.000000000000000000e+00
6.517500000000000000e+04
0.000000000000000000e+00
0.000000000000000000e+00
2.000000000000000000e+01
6.518900000000000000e+04
0.000000000000000000e+00
0.000000000000000000e+00
4.200000000000000000e+01
6.519900000000000000e+04
0.000000000000000000e+00
0.000000000000000000e+00
7.200000000000000000e+01
6.522100000000000000e+04
0.000000000000000000e+00
0.000000000000000000e+00
3.981900000000000000e+04
4.423500000000000000e+04
1.217000000000000000e+03
4.415900000000000000e+04
1.500000000000000000e+01
0.000000000000000000e+00
0.000000000000000000e+00
0.000000000000000000e+00
6.519800000000000000e+04
6.100000000000000000e+01
0.000000000000000000e+00
0.000000000000000000e+00
6.518900000000000000e+04
4.300000000000000000e+01
0.000000000000000000e+00
0.000000000000000000e+00
6.519200000000000000e+04
9.000000000000000000e+00
0.000000000000000000e+00
0.000000000000000000e+00
6.519300000000000000e+04
6.551900000000000000e+04
0.000000000000000000e+00
0.000000000000000000e+00
6.519500000000000000e+04
6.549900000000000000e+04
0.000000000000000000e+00
0.000000000000000000e+00
6.520100000000000000e+04
6.548900000000000000e+04
0.000000000000000000e+00
0.000000000000000000e+00
6.520400000000000000e+04
6.546100000000000000e+04
0.000000000000000000e+00
0.000000000000000000e+00
6.520300000000000000e+04
6.544500000000000000e+04
0.000000000000000000e+00
0.000000000000000000e+00
6.521600000000000000e+04
6.540700000000000000e+04
0.000000000000000000e+00
0.000000000000000000e+00
6.523400000000000000e+04
6.536600000000000000e+04
0.000000000000000000e+00
0.000000000000000000e+00
6.524700000000000000e+04
6.533000000000000000e+04
0.000000000000000000e+00
0.000000000000000000e+00
6.527600000000000000e+04
6.529800000000000000e+04
0.000000000000000000e+00
0.000000000000000000e+00
6.529900000000000000e+04
6.527200000000000000e+04
0.000000000000000000e+00
0.000000000000000000e+00
6.533200000000000000e+04
6.525700000000000000e+04
0.000000000000000000e+00
0.000000000000000000e+00
6.534100000000000000e+04
6.524300000000000000e+04
0.000000000000000000e+00
0.000000000000000000e+00
6.536900000000000000e+04
6.523200000